"PC1" "PC2" "PC3"
"Sample1" -5.75578585210629 96.1609817016339 -39.5548482642927
"Sample2" -88.2858839201084 129.335482941048 21.4167264495486
"Sample3" -4.21685607012602 74.3487266242761 -2.60562452065371
"Sample4" -25.1693518044123 189.002545723592 26.8899330759817
"Sample5" 0.253039226544841 112.800812064212 11.3433148270239
"Sample6" -207.523819227454 -158.120669188955 -371.205701350398
"Sample7" -68.8988203738603 60.6164608600095 -37.6067236950289
"Sample8" 48.337059481805 18.3208445183688 -8.41699427580864
"Sample9" -23.1225969101803 96.4301448753137 3.4447769253284
"Sample10" -53.0936709111267 106.016262046204 2.49303379508301
"Sample11" 213.456123739253 -153.145882014539 -9.74091264348664
"Sample12" -77.8738138143633 265.117440427165 76.705214702295
"Sample13" -393.717287567959 -175.851532693149 -492.633431574037
"Sample14" -341.999417030495 -155.603129906634 -440.093680987483
"Sample15" -371.856405943927 -165.998483383816 -441.956414671168
"Sample16" -246.789862676808 -61.9983234443374 -329.453022609013
"Sample17" -10.4692298693929 88.1398833418064 -45.0742749668603
"Sample18" -60.4047531190929 66.4860473711117 -34.785916991453
"Sample19" -44.0938036938301 86.2830955790227 -20.0109798170257
"Sample20" -444.56310336338 -322.568253100435 266.805238398543
"Sample21" -490.367211010422 -356.412003661636 270.71166857191
"Sample22" -44.691142939632 228.810443573794 81.2858973175052
"Sample23" -3.02859854745882 42.7977722192689 -11.5968226890717
"Sample24" -222.817147108601 -59.7917242651408 -64.3891710149232
"Sample25" -118.944108140611 112.896756890653 14.7053010912359
"Sample26" -309.521751950225 -133.539899252138 20.2531769785683
"Sample27" -163.701053591812 -61.8249188272288 35.5379931377676
"Sample28" -429.508206614663 -306.899418100373 231.537647020003
"Sample29" -445.764799396242 -230.190770454757 -504.416085276754
"Sample30" -90.9484272566242 30.7052128198099 -9.95177786533295
"Sample31" -59.2039963608836 49.4927879994949 2.87010653631937
"Sample32" -257.386524011467 -65.5674934824119 178.704196280865
"Sample33" -152.779429443224 36.393086940002 -90.4242879170589
"Sample34" -68.7053680560347 110.678844951351 27.1462973772637
"Sample35" 8.89736482362223 77.0510975847029 -23.0643359006995
"Sample36" -275.490264025446 -191.474082525123 -435.215643277675
"Sample37" -322.565943689445 -176.945134216945 -511.730994507453
"Sample38" -519.915232592219 -382.136204605941 287.064766127748
"Sample39" -515.571650480547 -379.615126689094 287.516066224239
"Sample40" -47.5935075257126 62.1122425288832 -19.0433930820257
"Sample41" -194.706416476064 -48.4553721062258 186.50411481823
"Sample42" 16.4685165632919 124.68007364383 14.569431895612
"Sample43" -125.486179396913 60.1924585479127 -109.918932375817
"Sample44" -331.017826950173 -184.557694067613 -25.9829327641193
"Sample45" -51.2910675993464 74.5902183576996 9.97274198315923
"Sample46" -28.6674460284556 280.431481490166 114.216912873703
"Sample47" -8.94130804210193 197.409817472789 69.0372904932399
"Sample48" -38.4635340597255 86.8397045142245 -43.8355064496016
"Sample49" -40.3856063080549 73.2805065322728 -39.0416723415159
"Sample50" -41.0038335646962 83.1264773487624 -52.1676518038027
"Sample51" -100.871742661825 61.7035016557751 72.1478024389361
"Sample52" -130.229005544548 2.21947104443663 -18.9626683882788
"Sample53" 8.56530408475375 19.5531374018805 -1.19614465533606
"Sample54" 8.49123710367195 64.6681547692458 6.38715853124107
"Sample55" -49.5116393348681 93.1719144776563 -42.7567960748808
"Sample56" 56.2519220510998 40.1554211255829 -26.2393237168011
"Sample57" 63.2361779872731 38.9854733980504 -4.81085784134604
"Sample58" -306.108247665261 -118.07252613124 -377.002342295289
"Sample59" -297.623646088248 -123.061835890546 -374.616503128941
"Sample60" -9.96944935532566 122.863223073819 0.175632757191209
"Sample61" -17.444473704496 130.167865318869 -0.826017260988729
"Sample62" 237.834794815024 -138.523475509804 -13.3756604787672
"Sample63" 152.120148614597 -76.7727387496607 5.7298698139817
"Sample64" 143.389878960986 -54.2131226093433 28.8300683133367
"Sample65" 239.59562363685 -141.508452528659 -12.8307376158992
"Sample66" 227.231514672431 -143.831417705489 -4.04648939499861
"Sample67" 207.920847561148 -120.357336100965 -8.47547490011833
"Sample68" 204.723425484782 -120.100905893078 -12.1863282073003
"Sample69" 202.158170337436 -120.655005279986 -13.9311425998449
"Sample70" 198.422066528047 -115.621312388919 -17.8617235784971
"Sample71" 193.678162718249 -106.614498115631 -10.802759852873
"Sample72" 209.354284753371 -126.851159490152 18.9488320824274
"Sample73" 220.516936500427 -110.577670133451 6.87638185608909
"Sample74" 232.199731690375 -127.048304530746 -8.94476875710748
"Sample75" 218.468974041975 -125.013404075983 0.911004196394684
"Sample76" 219.701542925013 -138.612925992686 1.53328105385748
"Sample77" 206.367306482674 -126.708212808247 7.54124936890586
"Sample78" 212.901552786295 -135.930677108215 4.2546311241622
"Sample79" 213.726336713493 -123.294173432771 -1.19723786109386
"Sample80" 216.097652346884 -131.441572470744 19.8118631647158
"Sample81" 205.378266362871 -120.759434111541 -15.4754777108819
"Sample82" 182.116995945441 -79.3837367103909 -14.459536215558
"Sample83" 210.421802853345 -122.461744672737 -14.554101791976
"Sample84" 216.359905381521 -102.330776116854 4.72491332993419
"Sample85" 149.727197825467 -120.90018613502 -74.0476563672233
"Sample86" 137.442607103557 -78.9738440265647 -20.3036124603105
"Sample87" 178.020211144099 -89.1450862383085 -5.64722440889901
"Sample88" 202.306789462944 -133.61365926618 -34.0468115169561
"Sample89" 232.320989348447 -143.28574634447 -27.7165115963566
"Sample90" 162.768307410083 -99.6373495142905 -2.65240337651453
"Sample91" 198.576606052666 -124.670660717653 12.1981159217566
"Sample92" 215.61031677095 -126.05920701561 -10.321153926845
"Sample93" 218.244821975941 -125.429850537526 -6.42058775790733
"Sample94" 228.196820857289 -135.405263267649 6.48096375882721
"Sample95" 195.728173407639 -128.135224739728 2.23426391138696
"Sample96" 202.081485942261 -137.066151261223 -8.48505798039536
"Sample97" 208.18056421614 -123.747363588406 1.80863455300866
"Sample98" 164.660314094022 -95.8814014270962 -4.95009712726441
"Sample99" 148.443770116679 -96.4163546036056 -27.1935652997687
"Sample100" 173.850612145777 -92.4635271016186 -11.0735677869133
