"PC1" "PC2" "PC3"
"Sample1" 10.6335068819194 -108.894335319821 38.5987870772671
"Sample2" 91.9723625842995 -128.154676319571 -15.8040013662688
"Sample3" 4.46263302154604 -59.4051904012492 8.51317814021822
"Sample4" 32.6565899670306 -201.164091156591 -50.3201856542918
"Sample5" 0.0495942164159281 -122.513040198456 -13.5294014099194
"Sample6" 217.840326971844 173.330621261237 352.490718666394
"Sample7" 65.5975296265401 -65.4062459618031 47.2966962421606
"Sample8" -42.3054414448366 -23.9336422799807 8.26840520823336
"Sample9" 29.8100120713609 -91.2858789482991 10.7334865391862
"Sample10" 57.240945812716 -105.27690752798 2.41494072874401
"Sample11" -216.559634726852 148.510398733101 13.7993401657287
"Sample12" 76.3906002468126 -259.743644722595 -76.4471660683944
"Sample13" 368.638405547409 158.933178928426 468.186511214023
"Sample14" 349.779544437555 160.415179144633 436.374900925058
"Sample15" 387.944456927333 198.886479104779 419.09129784419
"Sample16" 241.683425309077 63.9192151113371 308.425843355856
"Sample17" 19.1411361128835 -79.753687924648 49.7275767099059
"Sample18" 54.0476608371013 -74.4034078962159 45.896931654826
"Sample19" 49.4763487733189 -80.417107965549 19.8728679994101
"Sample20" 425.18716075871 317.883896644282 -273.879196532187
"Sample21" 484.164969106054 368.831221151234 -271.035684219851
"Sample22" 54.8876393083755 -213.967845387927 -76.9051368504853
"Sample23" 4.84587712614292 -41.3060781551014 21.7688395906716
"Sample24" 232.516197751402 82.8728259683588 83.6193546403214
"Sample25" 105.820227276637 -119.765847613777 -37.7395523460463
"Sample26" 317.601943058378 155.854944083667 -21.4894124772347
"Sample27" 164.551432238965 77.748363331979 -17.7447800534535
"Sample28" 419.425451508691 313.137907422346 -222.19953060544
"Sample29" 448.750161302984 251.290176578824 480.735337760131
"Sample30" 89.4962400483252 -29.0471747790264 17.9617019620379
"Sample31" 59.3398261928102 -37.0600734267602 10.3448631186367
"Sample32" 229.67007068661 41.5457991015526 -176.825210442886
"Sample33" 162.048113164932 -22.195523819044 107.688768379518
"Sample34" 71.3602892718472 -113.376862520881 -33.6834475756994
"Sample35" -4.89887424728943 -60.8959189264973 29.8340095768005
"Sample36" 262.405099228463 191.447250452707 416.426067892634
"Sample37" 333.206338932338 195.799849095867 488.426898895639
"Sample38" 512.640662749615 394.862119151548 -285.628279436615
"Sample39" 509.724591300018 392.514617545436 -285.096089739925
"Sample40" 70.7845126802181 -68.3164742098873 23.3483277629749
"Sample41" 166.53619781105 22.7361212787811 -183.537511990703
"Sample42" -8.14817720475122 -125.871656697503 -23.5829788427379
"Sample43" 117.29744358342 -62.6264073757614 98.3786590724401
"Sample44" 320.746676414815 183.030377099557 26.3043469772841
"Sample45" 50.4651327777759 -67.8119799713638 1.05088371687349
"Sample46" 29.48790258364 -271.385172437173 -115.527952723588
"Sample47" 8.24086117234436 -196.76501419952 -74.1694508692092
"Sample48" 49.3430075686431 -84.9656308601624 56.1687820792588
"Sample49" 48.5408123328587 -56.7150209901821 49.0448809679684
"Sample50" 40.8327293012305 -68.5804869981893 62.4621843584558
"Sample51" 114.421388325849 -47.9064228442145 -88.9739572773493
"Sample52" 120.105311798346 8.28550792687503 28.6107899504356
"Sample53" -9.09936865134816 -10.9584199677408 16.3634601171929
"Sample54" -1.05280571682354 -47.8133764747933 -0.65485090943833
"Sample55" 43.8164944762525 -96.9301755560269 39.0878123984459
"Sample56" -55.4675709532767 -36.4050824494659 28.9534541587624
"Sample57" -53.4212759634843 -59.3612767316458 1.34934317058776
"Sample58" 293.722623402215 112.643629907588 357.000741642612
"Sample59" 285.854589055736 118.713160115903 354.383410339657
"Sample60" 19.5484328990223 -104.957347608477 0.681427042938048
"Sample61" 27.4691264498975 -111.953545032295 1.83359387389231
"Sample62" -234.376079641268 131.515711324144 17.2122937154951
"Sample63" -150.198141066959 67.365888766166 1.04388362648392
"Sample64" -143.562336987109 55.8719575943572 -28.0750023443548
"Sample65" -240.100357242606 132.641289454338 14.1852942527037
"Sample66" -227.498455039715 135.264760616223 9.49871955080691
"Sample67" -219.830454873372 125.043295982181 13.254530334875
"Sample68" -203.461849842288 111.446153997646 21.0104543340187
"Sample69" -203.012413216276 112.244865557747 15.3522088049857
"Sample70" -202.095819480843 107.930709311325 16.6554248628312
"Sample71" -185.394640100141 106.535630729166 19.6850161558668
"Sample72" -207.760713764102 115.533424349701 -16.7160067286914
"Sample73" -222.726655128518 104.853903538401 -3.54341969728137
"Sample74" -232.676657998031 120.158420685867 14.3632967822774
"Sample75" -216.432691448395 122.540980800588 3.79176089158245
"Sample76" -221.481809796064 129.935898820455 2.57311955326977
"Sample77" -206.353834712661 121.510299634918 -3.2972100423959
"Sample78" -211.630503380775 127.822842222173 2.12505276503274
"Sample79" -225.502467097338 120.583409705714 -1.71655316630747
"Sample80" -216.307564441187 125.305065511267 -15.9413330453915
"Sample81" -208.842685539625 116.879875157135 20.6205518935438
"Sample82" -179.621778338707 71.8074838569179 11.0786422809985
"Sample83" -219.078222550772 121.639911392887 20.1913427556673
"Sample84" -215.095316946602 99.4432584861769 1.50219814343405
"Sample85" -153.967177618833 118.676513507501 76.7101407927865
"Sample86" -136.375566246804 72.5040118609225 11.0249554686061
"Sample87" -184.189901427087 81.767280572166 9.97550123292444
"Sample88" -202.35847092076 129.443994747961 34.6693333423976
"Sample89" -230.424682327133 137.498514349844 30.8915396611717
"Sample90" -156.366843524413 94.1379831988152 8.86853639161654
"Sample91" -200.943763260921 115.434278757635 -17.1685020286314
"Sample92" -212.839934421273 120.566521236986 10.1416321379722
"Sample93" -225.115117531027 125.401499999429 9.01880046098134
"Sample94" -236.210680409673 130.78384514833 -0.286144244630135
"Sample95" -197.033474916351 118.734562504298 -5.22638818185766
"Sample96" -202.546175865464 127.2359035935 3.85804139246322
"Sample97" -207.671249062642 115.242412776228 0.937212372507201
"Sample98" -166.741212147081 91.9812992374091 4.11924626075334
"Sample99" -150.605571191803 83.8454456699236 22.1075579707933
"Sample100" -133.986258786298 103.394842836971 21.5959707482252
