"PC1" "PC2" "PC3"
"Sample1" 11.27507503074 -114.124200816189 22.1447592003462
"Sample2" 85.541505678404 -125.975713409765 -33.6402180710619
"Sample3" 7.78117647280167 -65.8844964144086 5.87050576105208
"Sample4" 29.1932064740426 -205.706832272699 -36.8405463039918
"Sample5" 4.52362421235595 -110.701518675667 -2.35905688524742
"Sample6" 207.741512367064 156.288806201649 354.592178443518
"Sample7" 72.6912751388341 -72.505495756803 48.9071452864958
"Sample8" -57.4514253930245 -10.2918446491564 28.3303901618171
"Sample9" 28.5639068167814 -92.3764597815824 10.7933697569828
"Sample10" 61.4321804099167 -96.3784360019498 4.14569304801309
"Sample11" -222.543554717877 139.937766467481 8.42625269220918
"Sample12" 88.5483450335212 -252.965393032704 -91.7485799876767
"Sample13" 365.126019217755 141.659534788264 475.883585219563
"Sample14" 318.730342231053 124.067993398299 420.950156796636
"Sample15" 365.655735179304 163.338908545876 426.231612635542
"Sample16" 219.959424672148 35.6684177636073 294.453693828323
"Sample17" 18.9864515151482 -86.6500912343285 47.8011707449959
"Sample18" 63.4417820775931 -69.3097890963707 33.1503690333917
"Sample19" 51.1482344240427 -74.1294261644144 29.4412936146755
"Sample20" 414.964611677209 321.176860102646 -238.855546951732
"Sample21" 480.245527402418 378.189607930609 -243.227233979689
"Sample22" 54.5633204243395 -212.112587314987 -78.2092333908726
"Sample23" -10.4949850884328 -66.1191562715762 -8.34684215016226
"Sample24" 241.617257104041 95.2664432190113 106.805069146937
"Sample25" 124.59485938983 -104.525964723935 -9.35746661006979
"Sample26" 308.710298626579 143.301685897991 -39.5486423685157
"Sample27" 163.963314051354 56.3451577596336 -18.2805477428359
"Sample28" 423.671280850159 328.003476471779 -228.846536002419
"Sample29" 443.537397065352 233.480560892292 493.4946157644
"Sample30" 96.437070822156 -31.5741347126305 17.3082362179707
"Sample31" 58.5140155587986 -43.0958992664301 -0.850395433500277
"Sample32" 240.715655392694 29.6439181559132 -203.511114906637
"Sample33" 167.370051030667 -10.5069281979764 121.357771513891
"Sample34" 77.3329459023604 -114.743121900496 -49.8719316819542
"Sample35" 2.2429698305596 -61.3521741065026 27.1776893562502
"Sample36" 230.729296286216 167.531091650254 401.823890216523
"Sample37" 319.5744608002 174.664078442459 494.084094821639
"Sample38" 513.788344725189 406.563607399017 -255.981076056897
"Sample39" 509.300179342013 403.787036904858 -256.781878966048
"Sample40" 58.2855322331136 -47.8924864295622 32.710109191258
"Sample41" 178.406192034633 11.5762815817487 -212.236162392431
"Sample42" -13.3302450249392 -114.465847443417 -19.6070932818393
"Sample43" 136.601565719329 -47.8625752730222 129.391533522022
"Sample44" 303.936834540173 159.678505506856 47.8487327588577
"Sample45" 59.6560333321529 -65.1358950145214 -6.69465554376191
"Sample46" 26.9515895113592 -267.180687691304 -120.234878704381
"Sample47" 5.82892755387159 -189.912764210874 -70.2745220199854
"Sample48" 38.7021344443615 -93.7019101157861 50.4970036363438
"Sample49" 54.9099185075349 -56.3168370795496 37.2146946048355
"Sample50" 42.9377737616673 -77.7642061034851 53.1452563322425
"Sample51" 107.266105268121 -41.4379436396668 -65.838665525981
"Sample52" 116.05995077333 -10.5080380955715 16.076733310069
"Sample53" -10.02507402844 -13.9894567298046 2.19794494720541
"Sample54" 0.736727301247292 -54.9580599003882 -3.21166860614431
"Sample55" 47.2663680633671 -117.031525056623 35.7669537441433
"Sample56" -50.4353246371944 -34.7400278352792 28.1689786617664
"Sample57" -56.4115310088334 -52.4919289565768 -7.64942693436438
"Sample58" 317.208947686012 125.16279927618 381.58702656706
"Sample59" 309.37510011111 130.490544783603 380.351169496629
"Sample60" 20.4775161199662 -116.968095170759 -12.3642985503311
"Sample61" 28.2110922385217 -124.223573481973 -11.7316415109821
"Sample62" -228.828739172958 125.961274699117 18.3101406494238
"Sample63" -149.845659377928 68.2498069134826 1.12329768306963
"Sample64" -144.335764782129 63.6202272183163 -26.9896337312437
"Sample65" -233.001653054585 128.165110408675 15.3705814075617
"Sample66" -223.543493820738 130.493585054076 11.3921606736961
"Sample67" -222.348590522253 112.692333675113 7.37535054678145
"Sample68" -207.785759433358 115.127303350234 20.8139300285085
"Sample69" -214.873802684189 124.26377514633 22.9551433709742
"Sample70" -205.922311041798 104.139152853697 14.15519139535
"Sample71" -190.792714596404 112.529653804533 20.7415219774468
"Sample72" -212.128359580843 119.16541121306 -4.79009970052597
"Sample73" -225.346971248051 114.898636693566 4.84333845043997
"Sample74" -232.224443991809 118.030429501759 14.9746801713829
"Sample75" -214.26312972544 124.823599622834 8.04053563953829
"Sample76" -221.905800493982 136.098130216416 4.80059142653378
"Sample77" -207.667029315471 130.954644324661 -2.55909555990616
"Sample78" -212.679507823057 135.556071806074 6.35543973533684
"Sample79" -229.641642095692 126.483330049906 1.34768102887977
"Sample80" -218.404666128418 134.364166749023 -15.0618600313003
"Sample81" -207.99954627308 114.464476762779 17.7485272414193
"Sample82" -194.069997850221 82.3090352054167 12.4563330827809
"Sample83" -211.502967018712 115.092411072459 17.9526749971202
"Sample84" -219.667900110113 98.5228398042635 -0.509248807718913
"Sample85" -146.147026494434 111.317688756251 81.6054894826299
"Sample86" -137.879456401025 67.391384667157 19.9890358740519
"Sample87" -186.314878821212 83.4023870849194 2.93621470232759
"Sample88" -192.060821050039 125.605118007185 46.0853036472868
"Sample89" -220.404198532761 132.206714878702 38.7844886277397
"Sample90" -162.347680425811 100.795572113758 3.39745041211258
"Sample91" -200.904872162096 119.296787916393 -17.1074017902844
"Sample92" -216.133651622495 117.44098690438 12.6389358525223
"Sample93" -226.659710072377 123.10766595273 1.96056911209539
"Sample94" -227.242136289854 126.529404751618 1.17043384186705
"Sample95" -201.175663549092 118.391637318448 -11.6618806646925
"Sample96" -212.438259879276 127.839688440822 -2.6834568741009
"Sample97" -209.904976792233 118.319839737939 7.8357307610521
"Sample98" -171.267746433046 84.4222891947745 5.62655372705152
"Sample99" -138.680567767567 75.3046766802612 28.7227493988123
"Sample100" -138.764811254864 108.396863964653 29.6175689181611
